# Directed graph (each unordered pair of nodes is saved once): microdataset.txt
# Description
# Nodes: 100 Edges: 4832
# FromNodeId	ToNodeId
0	2
0	3
0	7
0	8
0	9
0	10
0	11
0	15
0	18
0	19
0	20
0	21
0	23
0	24
0	26
0	28
0	34
0	35
0	38
0	40
0	41
0	43
0	45
0	46
0	47
0	48
0	52
0	54
0	55
0	58
0	59
0	60
0	63
0	64
0	67
0	69
0	70
0	71
0	72
0	73
0	74
0	78
0	79
0	80
0	82
0	84
0	86
0	87
0	88
0	89
0	92
0	93
0	94
0	95
0	96
0	99
1	0
1	2
1	4
1	6
1	9
1	10
1	12
1	15
1	16
1	17
1	18
1	20
1	23
1	26
1	28
1	29
1	31
1	32
1	34
1	36
1	38
1	39
1	40
1	41
1	44
1	45
1	47
1	48
1	49
1	51
1	53
1	55
1	56
1	58
1	59
1	60
1	62
1	65
1	66
1	67
1	68
1	70
1	71
1	74
1	76
1	77
1	80
1	83
1	87
1	89
1	90
1	95
2	4
2	6
2	8
2	9
2	11
2	12
2	14
2	15
2	21
2	26
2	27
2	29
2	30
2	37
2	39
2	40
2	41
2	42
2	43
2	44
2	46
2	47
2	48
2	49
2	51
2	52
2	55
2	56
2	58
2	59
2	60
2	62
2	72
2	74
2	75
2	79
2	81
2	83
2	84
2	86
2	87
2	88
2	89
2	96
2	97
2	98
2	99
3	1
3	4
3	7
3	8
3	11
3	12
3	18
3	21
3	24
3	27
3	29
3	30
3	31
3	32
3	33
3	36
3	42
3	45
3	47
3	48
3	56
3	57
3	58
3	59
3	61
3	62
3	63
3	67
3	74
3	75
3	78
3	79
3	81
3	86
3	87
3	89
3	95
3	96
3	99
4	5
4	6
4	9
4	11
4	14
4	16
4	18
4	20
4	22
4	23
4	27
4	33
4	34
4	36
4	39
4	43
4	44
4	48
4	49
4	50
4	51
4	52
4	53
4	57
4	66
4	67
4	69
4	70
4	71
4	80
4	85
4	86
4	87
4	88
4	94
4	97
4	99
5	2
5	6
5	8
5	9
5	12
5	13
5	16
5	17
5	20
5	26
5	27
5	28
5	33
5	34
5	36
5	38
5	39
5	40
5	41
5	42
5	46
5	47
5	50
5	51
5	54
5	56
5	57
5	58
5	59
5	61
5	62
5	63
5	64
5	70
5	72
5	73
5	74
5	77
5	79
5	81
5	87
5	88
5	90
5	93
5	96
5	98
5	99
6	0
6	1
6	2
6	3
6	8
6	9
6	10
6	12
6	13
6	15
6	16
6	17
6	18
6	20
6	24
6	25
6	26
6	29
6	30
6	34
6	36
6	39
6	40
6	41
6	42
6	43
6	46
6	47
6	48
6	53
6	55
6	56
6	57
6	59
6	60
6	62
6	63
6	66
6	68
6	69
6	71
6	74
6	77
6	80
6	81
6	82
6	83
6	84
6	86
6	89
6	93
6	95
6	96
6	99
7	0
7	1
7	2
7	4
7	10
7	11
7	14
7	15
7	16
7	19
7	20
7	27
7	31
7	32
7	34
7	35
7	37
7	39
7	40
7	42
7	44
7	51
7	52
7	54
7	56
7	57
7	58
7	59
7	62
7	64
7	66
7	67
7	68
7	70
7	71
7	75
7	76
7	77
7	80
7	81
7	83
7	84
7	85
7	86
7	88
7	92
7	95
7	96
7	97
7	98
7	99
8	0
8	2
8	3
8	4
8	5
8	6
8	7
8	10
8	12
8	13
8	14
8	15
8	18
8	20
8	22
8	23
8	24
8	26
8	27
8	28
8	29
8	30
8	32
8	33
8	35
8	36
8	38
8	40
8	41
8	42
8	44
8	45
8	49
8	51
8	52
8	56
8	57
8	58
8	59
8	62
8	64
8	66
8	67
8	70
8	72
8	73
8	74
8	78
8	79
8	82
8	83
8	85
8	87
8	88
8	89
8	91
8	94
9	1
9	2
9	3
9	5
9	6
9	7
9	8
9	13
9	14
9	15
9	16
9	19
9	20
9	23
9	24
9	26
9	28
9	30
9	33
9	34
9	36
9	38
9	39
9	41
9	42
9	47
9	48
9	50
9	51
9	52
9	53
9	55
9	57
9	58
9	61
9	63
9	64
9	67
9	68
9	71
9	73
9	74
9	81
9	86
9	88
9	90
9	92
9	93
9	94
9	95
9	96
9	97
9	99
10	2
10	3
10	7
10	9
10	11
10	13
10	18
10	19
10	20
10	23
10	24
10	27
10	28
10	35
10	38
10	41
10	43
10	44
10	50
10	51
10	53
10	58
10	59
10	63
10	65
10	69
10	71
10	75
10	76
10	78
10	80
10	82
10	83
10	86
10	89
10	90
10	94
10	95
10	98
10	99
11	0
11	1
11	2
11	3
11	6
11	7
11	8
11	10
11	12
11	13
11	14
11	16
11	18
11	19
11	20
11	21
11	29
11	32
11	34
11	35
11	36
11	42
11	44
11	45
11	48
11	49
11	50
11	52
11	53
11	63
11	66
11	71
11	74
11	76
11	77
11	81
11	83
11	84
11	87
11	88
11	89
11	90
11	91
11	92
11	93
11	94
11	95
11	98
12	3
12	6
12	9
12	14
12	15
12	17
12	23
12	24
12	25
12	26
12	28
12	32
12	35
12	37
12	39
12	40
12	42
12	45
12	49
12	50
12	51
12	54
12	55
12	56
12	59
12	61
12	63
12	64
12	66
12	67
12	72
12	74
12	78
12	79
12	80
12	81
12	84
12	85
12	87
12	92
12	93
12	94
12	95
12	99
13	1
13	2
13	4
13	6
13	7
13	11
13	12
13	15
13	16
13	17
13	19
13	21
13	22
13	25
13	28
13	29
13	30
13	32
13	33
13	35
13	36
13	37
13	38
13	39
13	40
13	43
13	47
13	48
13	49
13	51
13	54
13	55
13	57
13	58
13	59
13	60
13	61
13	63
13	64
13	65
13	66
13	67
13	68
13	69
13	70
13	72
13	75
13	76
13	77
13	79
13	80
13	83
13	85
13	86
13	87
13	88
13	91
13	92
13	94
13	95
13	96
14	3
14	6
14	7
14	8
14	9
14	12
14	15
14	18
14	25
14	27
14	29
14	31
14	32
14	33
14	35
14	37
14	38
14	40
14	41
14	42
14	43
14	44
14	51
14	56
14	57
14	59
14	60
14	61
14	65
14	66
14	68
14	70
14	71
14	74
14	76
14	77
14	78
14	79
14	80
14	81
14	84
14	87
14	88
14	91
14	92
14	96
14	97
14	99
15	0
15	1
15	4
15	5
15	9
15	10
15	13
15	16
15	17
15	18
15	20
15	21
15	22
15	24
15	25
15	27
15	30
15	31
15	32
15	34
15	37
15	38
15	39
15	41
15	44
15	47
15	49
15	54
15	55
15	56
15	57
15	59
15	60
15	61
15	63
15	66
15	67
15	70
15	72
15	74
15	75
15	79
15	80
15	82
15	83
15	84
15	85
15	86
15	89
15	91
15	92
15	94
15	95
15	98
15	99
16	0
16	5
16	9
16	10
16	11
16	13
16	15
16	19
16	21
16	22
16	23
16	25
16	28
16	31
16	34
16	37
16	38
16	41
16	42
16	43
16	52
16	54
16	55
16	60
16	66
16	72
16	74
16	75
16	76
16	79
16	83
16	87
16	88
16	90
16	92
16	94
16	95
16	96
16	97
16	98
16	99
17	0
17	1
17	2
17	6
17	8
17	11
17	12
17	18
17	20
17	23
17	25
17	27
17	29
17	30
17	32
17	35
17	36
17	38
17	39
17	40
17	41
17	42
17	43
17	45
17	47
17	48
17	52
17	54
17	56
17	57
17	64
17	65
17	67
17	71
17	72
17	73
17	74
17	76
17	78
17	81
17	82
17	84
17	86
17	87
17	88
17	89
17	90
17	93
17	94
17	95
17	96
17	99
18	0
18	2
18	3
18	4
18	8
18	10
18	11
18	12
18	14
18	16
18	17
18	20
18	21
18	23
18	26
18	30
18	32
18	34
18	35
18	38
18	39
18	40
18	42
18	43
18	44
18	48
18	50
18	51
18	53
18	54
18	55
18	59
18	61
18	63
18	64
18	65
18	66
18	68
18	69
18	71
18	73
18	76
18	79
18	85
18	87
18	88
18	89
18	90
18	92
18	93
18	94
18	95
18	96
18	98
18	99
19	0
19	1
19	3
19	4
19	10
19	13
19	16
19	17
19	20
19	21
19	25
19	29
19	31
19	32
19	33
19	35
19	36
19	39
19	41
19	43
19	46
19	49
19	50
19	51
19	55
19	57
19	59
19	62
19	63
19	65
19	66
19	67
19	68
19	69
19	70
19	74
19	75
19	77
19	78
19	82
19	84
19	85
19	87
19	89
19	93
19	95
19	96
19	98
20	0
20	1
20	3
20	4
20	5
20	6
20	7
20	8
20	9
20	11
20	13
20	16
20	22
20	25
20	26
20	27
20	29
20	39
20	40
20	48
20	49
20	50
20	52
20	53
20	54
20	56
20	58
20	59
20	61
20	64
20	67
20	70
20	71
20	73
20	74
20	76
20	77
20	79
20	80
20	81
20	88
20	89
20	92
20	96
20	99
21	0
21	3
21	6
21	7
21	10
21	11
21	13
21	15
21	16
21	18
21	25
21	28
21	29
21	30
21	32
21	34
21	35
21	38
21	41
21	42
21	44
21	45
21	47
21	49
21	52
21	53
21	55
21	56
21	57
21	58
21	62
21	64
21	65
21	66
21	67
21	69
21	71
21	72
21	73
21	74
21	76
21	78
21	81
21	83
21	84
21	86
21	89
21	90
21	95
21	96
21	98
21	99
22	2
22	3
22	5
22	7
22	12
22	13
22	14
22	15
22	19
22	21
22	26
22	28
22	29
22	31
22	34
22	35
22	36
22	37
22	42
22	44
22	45
22	47
22	49
22	50
22	53
22	54
22	55
22	58
22	59
22	61
22	63
22	65
22	66
22	69
22	70
22	76
22	77
22	79
22	81
22	83
22	84
22	86
22	87
22	89
22	90
22	97
22	99
23	1
23	3
23	4
23	8
23	11
23	13
23	14
23	17
23	19
23	21
23	22
23	26
23	29
23	33
23	34
23	35
23	41
23	42
23	44
23	45
23	48
23	50
23	54
23	57
23	59
23	63
23	64
23	66
23	68
23	69
23	70
23	71
23	72
23	73
23	74
23	79
23	81
23	82
23	84
23	86
23	90
23	92
23	93
23	96
23	99
24	3
24	7
24	9
24	12
24	15
24	18
24	19
24	23
24	27
24	30
24	31
24	33
24	34
24	35
24	36
24	39
24	42
24	43
24	44
24	45
24	46
24	47
24	48
24	49
24	53
24	54
24	56
24	57
24	58
24	59
24	60
24	61
24	62
24	63
24	64
24	65
24	66
24	67
24	68
24	69
24	70
24	71
24	72
24	75
24	76
24	78
24	79
24	81
24	82
24	87
24	88
24	90
24	91
24	94
24	95
24	97
24	98
25	0
25	1
25	4
25	6
25	11
25	12
25	13
25	21
25	24
25	29
25	30
25	33
25	34
25	36
25	37
25	41
25	42
25	43
25	45
25	46
25	47
25	48
25	49
25	50
25	51
25	56
25	57
25	58
25	61
25	63
25	65
25	67
25	70
25	74
25	76
25	78
25	79
25	82
25	83
25	84
25	86
25	87
25	89
25	93
25	94
25	96
25	97
25	99
26	1
26	2
26	4
26	5
26	7
26	10
26	12
26	13
26	15
26	17
26	18
26	19
26	20
26	22
26	28
26	29
26	30
26	31
26	39
26	41
26	42
26	43
26	49
26	53
26	55
26	57
26	61
26	62
26	63
26	71
26	72
26	73
26	77
26	80
26	82
26	83
26	85
26	94
26	97
27	1
27	5
27	7
27	10
27	16
27	17
27	20
27	23
27	25
27	26
27	29
27	31
27	33
27	38
27	39
27	40
27	41
27	43
27	46
27	48
27	51
27	52
27	56
27	57
27	59
27	62
27	64
27	65
27	70
27	71
27	78
27	80
27	81
27	82
27	85
27	86
27	87
27	92
27	96
28	0
28	3
28	5
28	7
28	10
28	13
28	15
28	16
28	19
28	21
28	23
28	25
28	27
28	29
28	30
28	33
28	39
28	40
28	46
28	47
28	50
28	54
28	55
28	62
28	69
28	70
28	71
28	72
28	73
28	74
28	75
28	76
28	77
28	78
28	79
28	81
28	84
28	89
28	92
28	96
29	2
29	4
29	5
29	8
29	9
29	10
29	12
29	15
29	16
29	17
29	18
29	22
29	23
29	27
29	28
29	32
29	34
29	36
29	37
29	38
29	39
29	41
29	43
29	45
29	47
29	51
29	52
29	62
29	63
29	67
29	71
29	72
29	73
29	77
29	78
29	79
29	80
29	81
29	82
29	84
29	86
29	94
29	95
29	96
29	97
30	0
30	2
30	3
30	6
30	7
30	10
30	13
30	14
30	15
30	16
30	17
30	18
30	20
30	22
30	23
30	24
30	28
30	29
30	31
30	32
30	33
30	35
30	36
30	39
30	42
30	44
30	45
30	46
30	47
30	50
30	51
30	56
30	59
30	62
30	63
30	64
30	66
30	68
30	70
30	71
30	73
30	75
30	76
30	85
30	86
30	87
30	90
30	91
30	92
30	93
30	94
30	95
30	96
30	99
31	0
31	1
31	3
31	6
31	8
31	12
31	14
31	15
31	16
31	17
31	19
31	20
31	21
31	22
31	23
31	28
31	32
31	35
31	38
31	39
31	40
31	41
31	43
31	45
31	46
31	47
31	51
31	52
31	54
31	57
31	59
31	61
31	63
31	65
31	67
31	69
31	73
31	74
31	76
31	77
31	79
31	82
31	83
31	84
31	85
31	86
31	87
31	88
31	94
31	98
31	99
32	2
32	4
32	6
32	9
32	15
32	16
32	17
32	19
32	20
32	22
32	23
32	26
32	30
32	33
32	35
32	37
32	39
32	42
32	43
32	44
32	45
32	47
32	48
32	50
32	51
32	52
32	54
32	55
32	57
32	61
32	63
32	66
32	68
32	69
32	72
32	77
32	78
32	79
32	80
32	86
32	88
32	89
32	93
32	95
32	96
32	97
33	1
33	5
33	8
33	12
33	15
33	16
33	18
33	22
33	24
33	25
33	26
33	27
33	34
33	38
33	39
33	40
33	42
33	45
33	46
33	47
33	48
33	50
33	54
33	58
33	59
33	60
33	61
33	63
33	66
33	67
33	68
33	72
33	75
33	79
33	81
33	82
33	84
33	87
33	89
33	90
33	94
33	98
34	0
34	3
34	4
34	5
34	6
34	7
34	8
34	9
34	10
34	13
34	15
34	17
34	19
34	20
34	22
34	31
34	33
34	35
34	36
34	37
34	41
34	44
34	46
34	49
34	50
34	51
34	53
34	54
34	56
34	57
34	59
34	60
34	62
34	63
34	65
34	70
34	71
34	73
34	81
34	82
34	84
34	86
34	87
34	88
34	90
34	91
34	92
34	93
34	96
34	97
34	98
35	0
35	1
35	2
35	3
35	5
35	7
35	8
35	10
35	14
35	15
35	16
35	24
35	25
35	26
35	29
35	30
35	34
35	36
35	38
35	39
35	40
35	43
35	45
35	46
35	49
35	50
35	51
35	55
35	56
35	57
35	58
35	61
35	63
35	64
35	65
35	66
35	68
35	69
35	72
35	73
35	75
35	76
35	77
35	78
35	79
35	80
35	81
35	83
35	84
35	85
35	91
35	96
36	0
36	2
36	4
36	5
36	6
36	7
36	9
36	12
36	14
36	16
36	18
36	20
36	23
36	25
36	26
36	27
36	29
36	30
36	33
36	35
36	37
36	38
36	39
36	40
36	41
36	42
36	44
36	45
36	46
36	48
36	49
36	54
36	58
36	59
36	61
36	64
36	69
36	71
36	72
36	73
36	75
36	78
36	81
36	85
36	86
36	88
36	89
36	90
36	94
36	95
36	97
36	98
36	99
37	0
37	3
37	11
37	17
37	18
37	19
37	22
37	23
37	24
37	25
37	27
37	30
37	31
37	35
37	36
37	39
37	41
37	43
37	44
37	48
37	49
37	52
37	53
37	54
37	56
37	61
37	62
37	65
37	67
37	68
37	69
37	70
37	71
37	72
37	73
37	74
37	75
37	76
37	78
37	79
37	81
37	86
37	87
37	88
37	91
37	93
37	94
37	95
37	97
37	98
38	2
38	3
38	4
38	6
38	7
38	9
38	10
38	11
38	13
38	15
38	17
38	22
38	23
38	26
38	27
38	28
38	30
38	31
38	32
38	34
38	35
38	37
38	42
38	43
38	46
38	48
38	51
38	54
38	59
38	64
38	65
38	66
38	69
38	71
38	73
38	76
38	79
38	80
38	81
38	85
38	87
38	89
38	91
38	92
38	94
39	1
39	5
39	6
39	10
39	14
39	16
39	18
39	20
39	22
39	23
39	25
39	26
39	27
39	34
39	35
39	36
39	37
39	38
39	41
39	43
39	44
39	45
39	52
39	53
39	63
39	64
39	65
39	70
39	71
39	75
39	80
39	82
39	83
39	84
39	85
39	87
39	88
39	90
39	92
39	94
40	2
40	4
40	5
40	10
40	14
40	16
40	17
40	18
40	19
40	20
40	24
40	25
40	26
40	29
40	31
40	33
40	42
40	43
40	44
40	45
40	46
40	48
40	51
40	52
40	53
40	55
40	57
40	62
40	65
40	67
40	70
40	71
40	72
40	73
40	78
40	81
40	82
40	88
40	89
40	90
40	91
40	94
40	95
40	96
40	98
40	99
41	4
41	5
41	6
41	7
41	8
41	10
41	11
41	13
41	15
41	18
41	21
41	24
41	25
41	26
41	30
41	31
41	32
41	34
41	35
41	37
41	38
41	39
41	42
41	44
41	47
41	50
41	51
41	52
41	53
41	56
41	58
41	59
41	61
41	62
41	63
41	65
41	66
41	69
41	75
41	78
41	79
41	80
41	84
41	87
41	89
41	90
41	91
41	92
41	93
41	94
41	95
41	96
41	98
41	99
42	0
42	2
42	11
42	12
42	13
42	14
42	15
42	18
42	23
42	24
42	27
42	28
42	40
42	41
42	43
42	44
42	47
42	50
42	51
42	52
42	55
42	56
42	58
42	59
42	60
42	61
42	63
42	65
42	68
42	69
42	70
42	71
42	73
42	75
42	76
42	77
42	78
42	79
42	80
42	81
42	84
42	85
42	86
42	89
42	90
42	92
42	97
42	98
42	99
43	0
43	1
43	5
43	8
43	12
43	13
43	15
43	18
43	28
43	29
43	30
43	31
43	32
43	37
43	38
43	39
43	40
43	44
43	45
43	50
43	55
43	56
43	57
43	59
43	60
43	61
43	62
43	63
43	64
43	65
43	74
43	75
43	77
43	80
43	81
43	82
43	84
43	86
43	87
43	90
43	91
43	92
43	93
43	95
43	99
44	1
44	2
44	3
44	4
44	6
44	7
44	9
44	17
44	18
44	19
44	21
44	22
44	24
44	27
44	28
44	30
44	32
44	33
44	34
44	43
44	45
44	46
44	47
44	48
44	49
44	51
44	52
44	54
44	57
44	59
44	62
44	63
44	66
44	67
44	69
44	70
44	72
44	76
44	77
44	79
44	80
44	81
44	83
44	85
44	86
44	88
44	90
44	91
44	92
44	94
44	95
44	96
44	97
44	98
44	99
45	1
45	2
45	3
45	5
45	8
45	9
45	10
45	11
45	12
45	15
45	16
45	20
45	21
45	22
45	23
45	24
45	26
45	27
45	28
45	30
45	31
45	33
45	34
45	36
45	38
45	39
45	40
45	44
45	47
45	48
45	49
45	51
45	52
45	54
45	55
45	56
45	60
45	61
45	63
45	64
45	67
45	75
45	77
45	79
45	87
45	89
45	90
45	94
46	0
46	1
46	4
46	5
46	6
46	9
46	11
46	12
46	13
46	16
46	18
46	19
46	22
46	25
46	28
46	30
46	32
46	34
46	35
46	36
46	38
46	41
46	44
46	45
46	47
46	49
46	50
46	51
46	54
46	55
46	57
46	58
46	64
46	67
46	69
46	71
46	74
46	75
46	77
46	79
46	80
46	82
46	83
46	84
46	88
46	90
46	91
46	96
47	2
47	3
47	4
47	6
47	7
47	8
47	10
47	15
47	16
47	19
47	20
47	21
47	22
47	28
47	31
47	33
47	34
47	39
47	40
47	41
47	42
47	48
47	51
47	54
47	55
47	57
47	59
47	60
47	66
47	68
47	69
47	71
47	72
47	74
47	75
47	76
47	78
47	80
47	82
47	84
47	85
47	87
47	89
47	92
47	93
47	96
47	97
47	99
48	0
48	1
48	3
48	4
48	5
48	10
48	11
48	13
48	14
48	16
48	18
48	19
48	21
48	22
48	23
48	25
48	27
48	28
48	34
48	35
48	37
48	39
48	41
48	47
48	49
48	51
48	61
48	62
48	63
48	64
48	65
48	70
48	74
48	75
48	78
48	80
48	81
48	82
48	88
48	90
48	91
48	92
48	94
48	99
49	0
49	3
49	5
49	6
49	8
49	10
49	14
49	16
49	17
49	18
49	22
49	26
49	27
49	28
49	29
49	30
49	32
49	33
49	34
49	37
49	38
49	39
49	41
49	43
49	44
49	46
49	47
49	48
49	53
49	58
49	61
49	63
49	64
49	65
49	66
49	71
49	74
49	78
49	79
49	80
49	82
49	83
49	86
49	92
49	93
49	97
49	98
49	99
50	0
50	1
50	3
50	4
50	5
50	8
50	9
50	11
50	13
50	14
50	15
50	16
50	17
50	20
50	21
50	23
50	24
50	29
50	30
50	31
50	32
50	34
50	35
50	38
50	39
50	43
50	45
50	47
50	49
50	51
50	54
50	55
50	57
50	58
50	60
50	62
50	63
50	69
50	73
50	74
50	76
50	82
50	86
50	89
50	90
50	91
50	94
50	95
50	97
51	2
51	3
51	5
51	13
51	14
51	16
51	22
51	23
51	24
51	25
51	26
51	27
51	28
51	29
51	31
51	32
51	33
51	34
51	36
51	37
51	42
51	44
51	47
51	48
51	49
51	55
51	56
51	60
51	61
51	64
51	67
51	69
51	72
51	73
51	74
51	77
51	78
51	79
51	82
51	84
51	86
51	90
51	98
51	99
52	3
52	5
52	6
52	8
52	12
52	14
52	15
52	18
52	19
52	21
52	23
52	27
52	31
52	32
52	33
52	35
52	38
52	39
52	40
52	44
52	47
52	48
52	49
52	50
52	51
52	53
52	54
52	55
52	58
52	59
52	61
52	62
52	63
52	66
52	67
52	68
52	71
52	72
52	75
52	78
52	79
52	81
52	82
52	83
52	84
52	88
52	90
52	91
52	92
52	94
52	97
53	1
53	3
53	5
53	6
53	8
53	10
53	11
53	15
53	16
53	19
53	21
53	23
53	25
53	26
53	28
53	30
53	33
53	35
53	39
53	40
53	41
53	43
53	44
53	46
53	47
53	48
53	49
53	52
53	55
53	56
53	58
53	60
53	64
53	65
53	67
53	71
53	73
53	75
53	78
53	80
53	84
53	85
53	87
53	92
53	93
53	95
53	96
53	98
53	99
54	0
54	1
54	2
54	4
54	8
54	9
54	11
54	13
54	16
54	17
54	19
54	20
54	22
54	23
54	25
54	27
54	30
54	31
54	33
54	34
54	36
54	37
54	44
54	47
54	50
54	51
54	52
54	55
54	58
54	59
54	61
54	68
54	70
54	71
54	73
54	76
54	77
54	80
54	81
54	85
54	86
54	89
54	94
54	95
54	96
54	99
55	0
55	1
55	2
55	7
55	8
55	9
55	10
55	14
55	16
55	17
55	18
55	21
55	23
55	24
55	25
55	30
55	31
55	34
55	36
55	42
55	45
55	46
55	47
55	48
55	51
55	54
55	56
55	58
55	61
55	67
55	69
55	73
55	74
55	76
55	79
55	81
55	82
55	85
55	86
55	89
55	97
56	1
56	2
56	3
56	4
56	5
56	7
56	8
56	12
56	16
56	17
56	18
56	20
56	21
56	25
56	26
56	31
56	33
56	34
56	35
56	36
56	37
56	40
56	42
56	43
56	44
56	46
56	48
56	53
56	54
56	55
56	60
56	61
56	62
56	65
56	68
56	71
56	72
56	75
56	76
56	77
56	78
56	79
56	81
56	82
56	85
56	87
56	89
56	92
56	93
56	95
56	96
56	97
56	99
57	0
57	2
57	3
57	5
57	6
57	9
57	16
57	17
57	18
57	19
57	20
57	21
57	22
57	27
57	28
57	30
57	32
57	36
57	41
57	45
57	47
57	49
57	51
57	52
57	54
57	55
57	60
57	61
57	65
57	67
57	69
57	70
57	71
57	73
57	75
57	79
57	82
57	89
57	90
57	91
57	92
57	93
57	94
57	95
57	97
57	98
58	1
58	5
58	6
58	7
58	9
58	11
58	13
58	14
58	15
58	18
58	19
58	22
58	26
58	27
58	29
58	31
58	32
58	33
58	34
58	35
58	38
58	39
58	42
58	44
58	46
58	47
58	48
58	50
58	52
58	55
58	56
58	60
58	61
58	63
58	64
58	65
58	66
58	67
58	68
58	71
58	74
58	75
58	76
58	77
58	78
58	79
58	81
58	82
58	85
58	88
58	89
58	90
58	91
58	93
58	94
58	95
58	98
59	2
59	3
59	4
59	6
59	8
59	14
59	16
59	18
59	19
59	26
59	27
59	28
59	32
59	39
59	40
59	42
59	43
59	45
59	46
59	47
59	49
59	50
59	51
59	54
59	56
59	57
59	58
59	63
59	68
59	72
59	73
59	76
59	80
59	82
59	84
59	91
59	95
59	98
59	99
60	0
60	1
60	3
60	4
60	5
60	6
60	8
60	9
60	13
60	14
60	18
60	21
60	23
60	24
60	25
60	30
60	31
60	33
60	34
60	35
60	37
60	38
60	39
60	40
60	44
60	47
60	50
60	53
60	54
60	56
60	59
60	65
60	68
60	70
60	71
60	73
60	74
60	75
60	76
60	77
60	80
60	81
60	82
60	83
60	84
60	86
60	92
60	93
60	96
60	98
61	0
61	3
61	4
61	5
61	8
61	9
61	10
61	11
61	12
61	13
61	14
61	15
61	16
61	17
61	18
61	20
61	22
61	23
61	28
61	30
61	34
61	35
61	36
61	39
61	41
61	44
61	45
61	46
61	47
61	48
61	49
61	52
61	53
61	54
61	56
61	57
61	59
61	65
61	69
61	73
61	75
61	77
61	80
61	82
61	86
61	87
61	89
61	92
61	95
61	96
61	97
61	98
62	2
62	4
62	5
62	8
62	9
62	11
62	14
62	19
62	21
62	29
62	30
62	31
62	32
62	38
62	41
62	42
62	45
62	46
62	47
62	51
62	53
62	54
62	64
62	69
62	72
62	74
62	75
62	77
62	78
62	79
62	80
62	84
62	85
62	88
62	89
62	90
62	94
62	95
62	97
62	98
62	99
63	0
63	3
63	4
63	5
63	7
63	9
63	16
63	19
63	21
63	22
63	23
63	24
63	25
63	26
63	27
63	28
63	29
63	30
63	31
63	32
63	36
63	39
63	40
63	41
63	43
63	44
63	49
63	50
63	53
63	58
63	59
63	64
63	66
63	70
63	71
63	75
63	77
63	78
63	79
63	81
63	82
63	83
63	84
63	87
63	94
63	96
63	98
63	99
64	3
64	4
64	5
64	8
64	10
64	19
64	20
64	21
64	22
64	25
64	27
64	28
64	29
64	30
64	31
64	32
64	33
64	36
64	38
64	43
64	45
64	47
64	48
64	49
64	51
64	52
64	57
64	59
64	61
64	62
64	67
64	70
64	72
64	73
64	74
64	75
64	76
64	77
64	81
64	82
64	84
64	85
64	87
64	88
64	89
64	90
64	93
64	98
65	1
65	5
65	9
65	10
65	11
65	12
65	15
65	16
65	17
65	19
65	21
65	23
65	24
65	25
65	27
65	29
65	30
65	32
65	35
65	38
65	39
65	40
65	42
65	43
65	45
65	47
65	49
65	50
65	54
65	55
65	56
65	58
65	60
65	64
65	66
65	67
65	68
65	71
65	72
65	73
65	76
65	77
65	79
65	80
65	82
65	83
65	84
65	85
65	88
65	89
65	91
65	93
65	95
65	96
65	97
66	1
66	3
66	4
66	5
66	6
66	9
66	10
66	11
66	15
66	17
66	18
66	22
66	23
66	25
66	27
66	29
66	30
66	35
66	41
66	42
66	43
66	44
66	45
66	47
66	51
66	52
66	54
66	55
66	57
66	60
66	64
66	67
66	71
66	73
66	75
66	76
66	79
66	84
66	85
66	87
66	88
66	94
66	95
66	97
67	1
67	5
67	8
67	9
67	15
67	20
67	21
67	22
67	23
67	25
67	27
67	28
67	30
67	31
67	32
67	33
67	34
67	36
67	37
67	44
67	46
67	47
67	48
67	49
67	55
67	56
67	57
67	59
67	60
67	62
67	63
67	65
67	66
67	68
67	70
67	71
67	73
67	75
67	79
67	80
67	81
67	85
67	86
67	87
67	91
67	94
67	95
67	96
67	97
67	99
68	0
68	3
68	4
68	5
68	7
68	8
68	9
68	10
68	12
68	13
68	14
68	16
68	17
68	18
68	23
68	26
68	29
68	31
68	32
68	39
68	40
68	41
68	43
68	44
68	45
68	46
68	48
68	54
68	55
68	56
68	61
68	63
68	64
68	66
68	69
68	71
68	73
68	77
68	78
68	79
68	81
68	82
68	83
68	84
68	86
68	88
68	91
68	93
68	94
68	97
68	98
69	0
69	3
69	4
69	5
69	6
69	7
69	11
69	12
69	13
69	15
69	17
69	18
69	20
69	21
69	22
69	23
69	24
69	26
69	29
69	31
69	37
69	39
69	40
69	44
69	45
69	48
69	50
69	51
69	52
69	58
69	59
69	60
69	61
69	62
69	63
69	68
69	79
69	80
69	81
69	83
69	84
69	86
69	88
69	91
69	95
69	96
69	98
69	99
70	12
70	15
70	17
70	20
70	21
70	22
70	24
70	26
70	31
70	34
70	37
70	38
70	39
70	41
70	43
70	45
70	46
70	47
70	51
70	52
70	54
70	57
70	61
70	62
70	68
70	80
70	82
70	83
70	84
70	85
70	86
70	87
70	89
70	94
70	95
71	1
71	3
71	5
71	6
71	13
71	15
71	19
71	20
71	23
71	25
71	26
71	30
71	31
71	33
71	35
71	38
71	42
71	46
71	47
71	48
71	49
71	50
71	54
71	56
71	57
71	58
71	61
71	64
71	67
71	69
71	72
71	73
71	77
71	81
71	82
71	84
71	87
71	88
71	90
71	91
71	92
71	93
71	97
72	6
72	8
72	10
72	11
72	13
72	14
72	22
72	23
72	24
72	26
72	28
72	29
72	31
72	32
72	33
72	35
72	37
72	38
72	40
72	41
72	44
72	46
72	47
72	48
72	49
72	50
72	51
72	55
72	56
72	60
72	63
72	65
72	66
72	67
72	69
72	71
72	77
72	78
72	79
72	82
72	83
72	84
72	87
72	89
72	91
72	92
72	93
72	94
72	98
73	0
73	4
73	6
73	8
73	10
73	11
73	12
73	15
73	16
73	17
73	20
73	24
73	27
73	30
73	31
73	32
73	34
73	37
73	38
73	39
73	42
73	43
73	45
73	47
73	50
73	51
73	53
73	54
73	55
73	58
73	59
73	61
73	67
73	69
73	72
73	75
73	76
73	79
73	82
73	83
73	84
73	85
73	87
73	89
73	93
73	95
73	98
73	99
74	0
74	5
74	7
74	8
74	11
74	12
74	14
74	16
74	18
74	20
74	22
74	23
74	24
74	30
74	34
74	37
74	38
74	42
74	44
74	45
74	46
74	47
74	50
74	52
74	53
74	55
74	57
74	58
74	59
74	60
74	64
74	65
74	66
74	69
74	75
74	77
74	79
74	80
74	81
74	85
74	86
74	89
74	92
74	93
74	94
74	97
74	99
75	0
75	5
75	6
75	10
75	11
75	12
75	13
75	15
75	16
75	19
75	20
75	21
75	24
75	28
75	30
75	31
75	32
75	33
75	34
75	38
75	39
75	41
75	42
75	43
75	45
75	47
75	48
75	49
75	50
75	54
75	57
75	58
75	60
75	61
75	62
75	66
75	68
75	71
75	73
75	76
75	78
75	82
75	84
75	85
75	86
75	89
75	91
75	94
75	95
75	96
76	5
76	7
76	8
76	11
76	12
76	13
76	15
76	16
76	20
76	22
76	28
76	30
76	33
76	34
76	35
76	38
76	40
76	41
76	43
76	45
76	49
76	51
76	52
76	54
76	56
76	60
76	61
76	62
76	63
76	64
76	66
76	69
76	70
76	72
76	73
76	74
76	75
76	81
76	83
76	85
76	87
76	88
76	89
76	90
76	92
76	93
76	99
77	0
77	2
77	3
77	4
77	5
77	6
77	7
77	8
77	9
77	10
77	11
77	13
77	16
77	17
77	18
77	20
77	24
77	25
77	26
77	33
77	34
77	35
77	37
77	38
77	43
77	44
77	45
77	53
77	54
77	55
77	56
77	57
77	59
77	60
77	61
77	62
77	63
77	66
77	70
77	72
77	75
77	76
77	79
77	80
77	82
77	83
77	88
77	89
77	90
77	91
77	92
77	95
78	3
78	4
78	5
78	6
78	8
78	9
78	10
78	17
78	18
78	19
78	20
78	21
78	23
78	24
78	25
78	26
78	29
78	33
78	34
78	36
78	37
78	40
78	42
78	46
78	48
78	50
78	51
78	52
78	53
78	54
78	55
78	61
78	62
78	65
78	69
78	75
78	77
78	80
78	81
78	83
78	85
78	88
78	92
78	94
78	96
79	0
79	6
79	7
79	8
79	12
79	13
79	14
79	15
79	17
79	18
79	21
79	22
79	27
79	28
79	30
79	31
79	33
79	34
79	35
79	38
79	42
79	43
79	46
79	47
79	48
79	49
79	50
79	53
79	54
79	57
79	61
79	67
79	69
79	70
79	71
79	75
79	76
79	77
79	78
79	80
79	82
79	92
79	93
79	95
79	96
80	0
80	1
80	6
80	7
80	13
80	14
80	15
80	16
80	18
80	21
80	24
80	29
80	30
80	31
80	32
80	36
80	38
80	40
80	43
80	45
80	47
80	48
80	49
80	53
80	55
80	56
80	58
80	59
80	60
80	61
80	63
80	66
80	67
80	68
80	69
80	70
80	71
80	72
80	76
80	78
80	79
80	81
80	82
80	84
80	86
80	88
80	90
80	93
80	95
80	96
80	98
81	0
81	1
81	2
81	5
81	8
81	9
81	12
81	13
81	14
81	17
81	18
81	19
81	20
81	23
81	24
81	25
81	29
81	30
81	32
81	33
81	36
81	37
81	38
81	39
81	40
81	42
81	43
81	45
81	46
81	47
81	48
81	51
81	58
81	62
81	70
81	71
81	74
81	75
81	77
81	79
81	80
81	83
81	85
81	86
81	88
81	89
81	90
81	94
81	98
81	99
82	3
82	4
82	5
82	6
82	8
82	13
82	14
82	16
82	17
82	22
82	24
82	27
82	28
82	32
82	43
82	45
82	47
82	51
82	53
82	55
82	57
82	58
82	61
82	63
82	64
82	66
82	67
82	71
82	72
82	73
82	74
82	75
82	76
82	77
82	78
82	80
82	81
82	83
82	84
82	85
82	86
82	87
82	88
82	90
82	95
83	1
83	2
83	4
83	5
83	6
83	8
83	10
83	11
83	13
83	14
83	15
83	16
83	18
83	19
83	20
83	21
83	24
83	26
83	28
83	29
83	30
83	31
83	32
83	35
83	38
83	39
83	40
83	42
83	46
83	47
83	49
83	51
83	52
83	57
83	58
83	61
83	62
83	64
83	65
83	69
83	70
83	72
83	74
83	75
83	76
83	77
83	78
83	80
83	81
83	82
83	84
83	88
83	94
83	95
83	97
84	0
84	1
84	4
84	7
84	8
84	9
84	10
84	12
84	13
84	14
84	15
84	17
84	22
84	24
84	26
84	27
84	28
84	29
84	30
84	32
84	34
84	35
84	36
84	37
84	38
84	39
84	42
84	45
84	48
84	50
84	52
84	53
84	54
84	55
84	56
84	57
84	59
84	62
84	64
84	68
84	69
84	71
84	72
84	76
84	78
84	88
84	90
84	91
84	92
84	94
84	95
84	96
84	98
85	1
85	2
85	3
85	4
85	6
85	7
85	8
85	14
85	16
85	19
85	20
85	23
85	24
85	26
85	27
85	28
85	30
85	34
85	35
85	36
85	41
85	43
85	44
85	45
85	46
85	48
85	49
85	50
85	51
85	52
85	53
85	56
85	58
85	59
85	60
85	63
85	64
85	66
85	67
85	69
85	71
85	73
85	76
85	78
85	80
85	81
85	86
85	87
85	90
85	92
85	93
85	94
85	96
85	98
85	99
86	0
86	1
86	2
86	4
86	12
86	16
86	17
86	18
86	19
86	20
86	21
86	22
86	24
86	28
86	31
86	33
86	34
86	36
86	39
86	40
86	43
86	44
86	45
86	46
86	48
86	49
86	50
86	51
86	55
86	57
86	58
86	59
86	61
86	62
86	64
86	66
86	70
86	72
86	73
86	75
86	79
86	81
86	84
86	85
86	90
86	93
86	94
86	95
86	96
86	97
86	98
87	0
87	1
87	2
87	4
87	6
87	9
87	23
87	24
87	25
87	26
87	27
87	30
87	31
87	34
87	35
87	37
87	38
87	40
87	41
87	44
87	46
87	47
87	48
87	50
87	52
87	53
87	54
87	57
87	60
87	62
87	66
87	67
87	68
87	69
87	71
87	73
87	74
87	78
87	79
87	82
87	83
87	84
87	88
87	90
87	93
87	96
87	99
88	1
88	2
88	3
88	4
88	7
88	9
88	10
88	11
88	12
88	13
88	19
88	20
88	21
88	22
88	25
88	26
88	28
88	33
88	36
88	37
88	38
88	39
88	40
88	43
88	45
88	48
88	52
88	54
88	59
88	61
88	63
88	64
88	66
88	68
88	69
88	72
88	75
88	78
88	86
88	90
88	91
88	94
88	95
88	96
88	98
89	4
89	7
89	8
89	12
89	13
89	14
89	18
89	20
89	25
89	26
89	30
89	31
89	33
89	34
89	36
89	37
89	39
89	43
89	45
89	46
89	47
89	53
89	54
89	56
89	57
89	61
89	62
89	63
89	64
89	65
89	68
89	71
89	75
89	77
89	79
89	81
89	83
89	85
89	86
89	87
89	92
89	95
89	97
89	98
89	99
90	0
90	1
90	2
90	3
90	5
90	6
90	7
90	9
90	10
90	12
90	13
90	14
90	16
90	18
90	19
90	23
90	24
90	28
90	31
90	32
90	34
90	35
90	36
90	38
90	41
90	43
90	45
90	50
90	52
90	53
90	54
90	55
90	57
90	58
90	62
90	64
90	65
90	67
90	68
90	71
90	73
90	74
90	75
90	78
90	79
90	81
90	82
90	83
90	84
90	85
90	89
90	91
90	92
90	93
90	94
90	98
90	99
91	0
91	3
91	4
91	5
91	6
91	7
91	8
91	10
91	12
91	13
91	15
91	18
91	21
91	33
91	36
91	37
91	39
91	43
91	45
91	47
91	51
91	52
91	55
91	56
91	58
91	59
91	63
91	64
91	67
91	68
91	71
91	72
91	73
91	77
91	78
91	79
91	80
91	81
91	84
91	86
91	94
91	95
91	97
92	0
92	2
92	3
92	4
92	6
92	10
92	12
92	16
92	17
92	19
92	20
92	21
92	23
92	24
92	26
92	29
92	30
92	31
92	32
92	33
92	36
92	37
92	38
92	42
92	43
92	44
92	46
92	47
92	49
92	51
92	54
92	58
92	62
92	63
92	65
92	66
92	67
92	68
92	69
92	70
92	72
92	73
92	74
92	75
92	76
92	78
92	80
92	82
92	85
92	88
92	89
92	95
92	98
92	99
93	0
93	2
93	3
93	5
93	7
93	8
93	9
93	12
93	17
93	20
93	21
93	22
93	23
93	26
93	28
93	30
93	31
93	32
93	33
93	34
93	35
93	39
93	40
93	43
93	44
93	45
93	49
93	50
93	54
93	58
93	63
93	65
93	66
93	67
93	69
93	71
93	72
93	74
93	76
93	77
93	79
93	80
93	82
93	84
93	87
93	90
93	92
93	95
93	96
93	97
93	98
93	99
94	1
94	2
94	5
94	9
94	11
94	13
94	15
94	18
94	21
94	24
94	26
94	27
94	30
94	34
94	36
94	38
94	40
94	41
94	42
94	44
94	46
94	47
94	49
94	50
94	51
94	52
94	53
94	54
94	55
94	56
94	57
94	58
94	59
94	61
94	62
94	63
94	66
94	67
94	72
94	74
94	75
94	76
94	77
94	81
94	86
94	88
94	91
94	95
94	96
94	99
95	0
95	2
95	4
95	6
95	7
95	9
95	10
95	11
95	12
95	15
95	20
95	21
95	23
95	24
95	26
95	29
95	30
95	32
95	33
95	34
95	35
95	36
95	37
95	40
95	42
95	43
95	44
95	45
95	46
95	47
95	48
95	51
95	52
95	56
95	57
95	58
95	66
95	67
95	68
95	70
95	73
95	78
95	80
95	82
95	83
95	86
95	88
95	90
95	91
95	92
95	93
95	96
95	97
95	98
95	99
96	1
96	2
96	7
96	10
96	12
96	15
96	22
96	24
96	25
96	27
96	29
96	30
96	32
96	33
96	36
96	37
96	40
96	42
96	44
96	47
96	48
96	49
96	52
96	57
96	58
96	61
96	62
96	65
96	66
96	68
96	69
96	70
96	73
96	75
96	76
96	83
96	84
96	86
96	91
96	95
97	1
97	7
97	8
97	9
97	12
97	15
97	17
97	19
97	22
97	25
97	26
97	30
97	32
97	33
97	35
97	37
97	39
97	40
97	42
97	43
97	44
97	45
97	46
97	49
97	50
97	52
97	53
97	54
97	56
97	59
97	60
97	62
97	67
97	69
97	73
97	74
97	76
97	78
97	79
97	81
97	88
97	89
97	90
97	91
97	93
97	95
97	96
98	2
98	3
98	4
98	6
98	7
98	10
98	12
98	13
98	14
98	16
98	17
98	21
98	25
98	26
98	27
98	28
98	29
98	32
98	33
98	34
98	37
98	39
98	42
98	46
98	47
98	49
98	51
98	52
98	56
98	58
98	60
98	63
98	65
98	71
98	72
98	74
98	75
98	76
98	77
98	79
98	81
98	83
98	84
98	87
98	88
98	89
98	90
98	92
98	94
98	96
98	99
99	0
99	3
99	4
99	6
99	7
99	8
99	9
99	10
99	11
99	13
99	15
99	22
99	23
99	24
99	25
99	27
99	30
99	31
99	32
99	33
99	36
99	38
99	39
99	40
99	41
99	42
99	44
99	45
99	47
99	54
99	56
99	58
99	59
99	60
99	63
99	64
99	67
99	68
99	70
99	72
99	73
99	74
99	75
99	76
99	80
99	83
99	85
99	86
99	88
99	96
99	97
99	98
